4.8023 1.0737
5.3019 0.097924
0 5.4207
0 6.361
1.4864 5.053
1.0078 5.2591
5.3169 0.0836
0.55901 6.0596
1.2278 3.1555
1.3837 5.7165
1.9277 4.4409
0.92137 5.1475
5.9844 0.091644
1.3496 5.3391
5.0257 1.1207
4.6463 1.2523
5.5514 0.036455
4.7488 1.0759
6.0406 0.040544
3.9359 1.1151
0 7.1366
6.7675 0
1.5456 4.3555
0.22723 6.819
0.21567 4.6227
1.4129 5.5142
5.535 0
1.2666 4.8825
4.0727 0.066722
0 6.9284
0.20751 7.1032
1.6094 3.8633
0 6.372
4.0533 0.92427
0.60113 6.1481
1.0745 6.026
1.8883 4.4258
0.032446 5.6963
0.46472 5.9356
5.3616 0.20191
5.2099 0.011085
1.4245 4.2918
4.71 1.0749
6.0216 0.076973
1.3028 4.8441
1.2284 4.3207
1.8992 4.506
4.6725 1.1016
4.8896 0.081543
1.622 4.5758
1.9698 4.2672
3.7718 0.76346
0 6.3906
5.3978 0.11237
6.4438 0.010168
1.5712 4.4719
1.4045 5.2171
0.15275 5.8262
5.1962 0
0.27072 4.5406
5.1047 0
5.1069 0.44233
1.3398 5.6109
0.013975 6.5732
0.85404 2.6486
4.5228 1.0222
0 4.2016
5.7412 0
0.81952 5.3636
6.4635 0.04126
4.8134 1.2486
5.2304 0.087384
1.4329 4.4622
1.471 4.9442
1.3298 3.3928
3.5134 4.4293
1.3825 2.5337
0.43453 4.6198
0.98048 5.0578
6.664 0
5.7353 0.042951
3.4119 0.70763
5.0496 0
4.0924 1.1761
4.6014 0.51387
4.7361 1.3456
0.35791 6.079
6.732 0.0012862
0 7.3792
6.8144 0
4.8289 1.3729
2.1927 4.4445
0.61639 6.2736
1.4181 5.6284
1.8126 4.9566
5.1395 1.1403
6.0212 0.11461
0.51178 6.8547
5.4691 0.55651
1.5066 5.5473
8.9414 1.8889
0 5.57
11.993 0
9.1676 99.416
5.0013 0.0031158
7.5079 0.12537
8.4685 0.040559
1.9949 5.7536
3.808 14.253
0.015764 14.377
4.9785 80.738
0.83449 2.6136
118.03 0
0.19125 4.4294
46.003 58.666
7.678 1.5228
25.583 8.5128
2.8119 6.6358
0 108.2
3.1651 8.0178
60.633 0.98727
182.64 0.017679
4.2591 1.2339
33.809 72.105
79.201 6.9334
8.8746 0
5.3776 30.832
16.639 3.4286
71.292 19.941
39.062 0.16957
104.08 0.24005
4.9364 1.3999
5.0252 1.168
6.2362 0.086141
0.31504 7.4476
3.367 6.5949
3.5075 19.388
3.2395 101.69
5.7691 1.2462
0 5.7607
16.637 3.6112
0 102.38
85.858 17.249
26.902 1.1434
8.1238 86.479
11.092 58.494
0 37.783
91.428 0
0.83591 5.3913
16.02 70.92
0.80696 62.375
20.951 0.27105
35.119 47.283
6.0803 0
0.20123 8.1596
79.664 0
173.03 33.144
7.2122 77.446
0.014314 11.966
3.5953 7.5593
3.22 20.643
0 81.974
203.81 0
0.23463 6.0133
6.6952 0
1.8842 5.5042
0.79319 4.7141
5.6088 0.013332
3.5955 1.0345
8.1521 0.9083
38.033 7.7934
18.972 80.64
66.014 14.636
9.1704 0.17746
1.2267 2.1124
4.9318 1.2728
56.692 0
12.184 37.102
0 157.38
20.459 3.3349
78.077 1.4915
13.064 2.9353
7.0212 74.864
20.03 61.265
2.7759 56.63
117.64 0.25395
0.090811 7.0626
1.6243 4.4493
0 43.238
4.5396 0
0.8529 8.4686
5.2658 1.2333
0 39.479
7.0948 16.765
87.865 19.292
3.9693 16.522
103.16 0.98842
4.0021 16.105
3.948 12.426
14.018 53.588
