0.81727 0.30136 0.50195 0.69921 0.4984 0.40072
0.98187 0.50013 0.60134 0.69934 0.50016 0.30143
0 0.50262 0.60142 0.69875 0.50294 0.39932
0 0.30033 0.50158 0.39964 0.40025 0.29765
0.2273 0.30124 0.60086 0.69813 0.39979 0.39964
0.16081 0.39734 0.49913 0.30149 0.49597 0.40142
0.98452 0.40163 0.49945 0.69599 0.50062 0.401
0.084461 0.30134 0.40187 0.69839 0.49796 0.39975
0.28011 0.49827 0.59957 0.6994 0.50028 0.3977
0.19488 0.29973 0.49744 0.69825 0.50036 0.39661
0.30269 0.30136 0.6018 0.69921 0.49831 0.40073
0.15182 0.30162 0.4991 0.70152 0.49883 0.39811
0.98492 0.50012 0.60135 0.69934 0.49738 0.30143
0.20178 0.29915 0.60215 0.69843 0.50048 0.39807
0.81766 0.30139 0.50195 0.69928 0.5993 0.40062
0.78769 0.50038 0.50504 0.69875 0.49851 0.39932
0.99348 0.49968 0.60182 0.69938 0.50014 0.39588
0.81528 0.30014 0.50177 0.69919 0.49793 0.40071
0.99333 0.30136 0.49712 0.69921 0.49953 0.40071
0.77923 0.50103 0.60312 0.69939 0.49793 0.39973
0 0.30027 0.50355 0.6989 0.50275 0.39933
1 0.50204 0.50304 0.69551 0.49807 0.40147
0.26192 0.30138 0.49938 0.699 0.4998 0.39754
0.032249 0.30326 0.49951 0.69927 0.50313 0.40073
0.044574 0.50141 0.50285 0.69921 0.50276 0.40071
0.20396 0.30132 0.39859 0.69821 0.49796 0.39809
1 0.50293 0.50084 0.69917 0.39702 0.40134
0.20599 0.30133 0.60192 0.69915 0.50021 0.40084
0.98388 0.49895 0.59985 0.69933 0.4984 0.39847
0 0.30027 0.50359 0.70089 0.50228 0.39932
0.028384 0.29903 0.50058 0.69872 0.50036 0.40458
0.29408 0.49971 0.59976 0.69942 0.50043 0.39563
0 0.30029 0.50024 0.6989 0.50263 0.39761
0.81431 0.49879 0.60289 0.69919 0.49793 0.39973
0.089065 0.30132 0.59812 0.6992 0.39868 0.40072
0.15133 0.30162 0.49964 0.69825 0.39733 0.39813
0.29906 0.39887 0.60315 0.29747 0.49833 0.40152
0.0056638 0.4009 0.50192 0.69582 0.50069 0.40112
0.072609 0.30029 0.6011 0.69891 0.50059 0.3975
0.96371 0.50289 0.50311 0.69917 0.49764 0.40144
0.99788 0.50344 0.49888 0.69931 0.59825 0.39897
0.2492 0.49548 0.49984 0.69898 0.49979 0.39754
0.81419 0.40028 0.50178 0.696 0.49791 0.40072
0.98738 0.30136 0.49711 0.69915 0.50021 0.40084
0.21194 0.30133 0.60193 0.69921 0.49953 0.40071
0.22137 0.29919 0.50085 0.69842 0.49908 0.39904
0.29652 0.5022 0.50536 0.6992 0.49951 0.40074
0.80921 0.30139 0.5997 0.69898 0.49993 0.40053
0.9836 0.5007 0.50105 0.69572 0.50078 0.4007
0.2617 0.30137 0.49963 0.69899 0.50182 0.39754
0.31583 0.29975 0.49741 0.69825 0.49843 0.40079
0.83166 0.50082 0.60292 0.69894 0.49995 0.39969
0 0.30132 0.49988 0.69837 0.49791 0.39762
0.97961 0.30128 0.50163 0.69919 0.50022 0.40083
0.99842 0.50006 0.60293 0.6992 0.49803 0.29886
0.26 0.30139 0.49938 0.69897 0.49884 0.39753
0.21211 0.50221 0.50544 0.69917 0.49961 0.40141
0.025547 0.50141 0.60062 0.6992 0.49742 0.30075
1 0.50013 0.50358 0.69934 0.50272 0.40139
0.056268 0.49603 0.50083 0.69928 0.50108 0.40073
1 0.39772 0.49698 0.69915 0.5002 0.40112
0.92029 0.40333 0.49803 0.70185 0.49889 0.40111
0.19276 0.30028 0.49738 0.69887 0.50027 0.39661
0.0021216 0.29974 0.50029 0.69829 0.50272 0.39761
0.24383 0.49867 0.49888 0.69931 0.50079 0.399
0.81566 0.29959 0.50081 0.69927 0.49805 0.40071
0 0.40122 0.50031 0.69936 0.4983 0.39848
1 0.49863 0.60146 0.69579 0.50079 0.40111
0.13254 0.30028 0.49741 0.69824 0.49848 0.40052
0.99366 0.50207 0.50504 0.69854 0.49853 0.40149
0.79403 0.50035 0.50304 0.69572 0.49805 0.3993
0.98357 0.49805 0.50105 0.69569 0.50075 0.4007
0.24306 0.4955 0.49865 0.69822 0.50087 0.39811
0.2293 0.50237 0.59913 0.6994 0.49721 0.29981
0.28158 0.50015 0.60254 0.6994 0.50046 0.39777
0.44235 0.40425 0.59749 0.69946 0.49779 0.39668
0.35302 0.49875 0.49911 0.70151 0.50078 0.39812
0.085971 0.50079 0.59974 0.70202 0.39779 0.40071
0.16238 0.30192 0.49827 0.69923 0.49819 0.40075
1 0.30003 0.50088 0.69603 0.50021 0.40113
0.99257 0.49968 0.60098 0.69937 0.49795 0.39586
0.82823 0.50172 0.60145 0.69899 0.4998 0.40052
1 0.50101 0.60198 0.69917 0.39785 0.3997
0.77677 0.50296 0.50197 0.69939 0.4971 0.40137
0.89954 0.5022 0.60203 0.69932 0.49791 0.39846
0.77875 0.50167 0.60054 0.69562 0.49791 0.40071
0.055603 0.30136 0.50337 0.6989 0.49995 0.40087
0.99981 0.30027 0.49729 0.69915 0.50302 0.3993
0 0.30207 0.50085 0.70324 0.4 0.39822
1 0.30288 0.50175 0.699 0.60074 0.39898
0.77864 0.3016 0.5999 0.69943 0.4979 0.40057
0.33037 0.49976 0.59749 0.69942 0.39981 0.39552
0.089462 0.30194 0.50124 0.6992 0.50366 0.40072
0.20125 0.30146 0.59886 0.69821 0.49762 0.39802
0.26777 0.30138 0.60195 0.69898 0.49979 0.39752
0.81842 0.30029 0.5988 0.69892 0.49772 0.4007
0.98132 0.40217 0.59957 0.69963 0.50013 0.30143
0.069473 0.30014 0.50407 0.69918 0.5008 0.39752
0.90764 0.3981 0.4998 0.69596 0.49977 0.39755
0.21358 0.29772 0.602 0.6994 0.49947 0.39773
0.82559 0.30457 0.60542 0.69927 0.49807 0.40069
0 0.49763 0.49681 0.69875 0.50292 0.39934
1 0.30797 0.49701 0.69918 0.4995 0.39928
0.08443 0.51061 0.60002 0.70199 0.4013 0.34118
0.99938 0.49805 0.49953 0.6992 0.50077 0.29997
0.98358 0.50007 0.60444 0.69568 0.49801 0.3996
0.99523 0.49878 0.50566 0.69589 0.49983 0.39746
0.25746 0.49532 0.59565 0.69888 0.50076 0.40119
0.21085 0.30056 0.60204 0.69936 0.48884 0.39839
0.0010953 0.40199 0.5002 0.69921 0.49829 0.41039
0.058081 0.49626 0.50081 0.69931 0.50108 0.36447
0.24202 0.49865 0.4989 0.69927 0.50079 0.40076
1 0.29769 0.51664 0.77204 0.51702 0.39762
0.04139 0.40032 0.49698 0.6989 0.50025 0.40111
0.43951 0.40016 0.59755 0.69894 0.49982 0.35243
0.8345 0.5049 0.60419 0.69945 0.49792 0.39666
0.75032 0.48339 0.60704 0.69875 0.49859 0.39778
0.29763 0.50039 0.50054 0.70799 0.50039 0.39931
0 0.30544 0.60586 0.6995 0.49795 0.24163
0.28303 0.49416 0.49359 0.69826 0.50024 0.39762
0.98398 0.52687 0.49753 0.69918 0.39646 0.3983
0.9999 0.50288 0.60316 0.73396 0.54792 0.40151
0.77537 0.50423 0.49966 0.6983 0.49791 0.40071
0.31921 0.3003 0.55373 0.69557 0.49843 0.4008
0.9195 0.49893 0.50253 0.70199 0.536 0.39968
1 0.4054 0.59748 0.69904 0.40288 0.40113
0.14851 0.3002 0.5016 0.71849 0.49792 0.40072
0.82915 0.3125 0.49844 0.69919 0.49819 0.40075
0.78143 0.50349 0.50043 0.73754 0.49727 0.39973
0.99568 0.50098 0.50206 0.88165 0.59891 0.39897
0.9977 0.29888 0.502 0.54784 0.49689 0.40137
0.77907 0.50411 0.50085 0.69603 0.50043 0.40114
0.81141 0.3975 0.50103 0.696 0.49795 0.40072
0.98638 0.50348 0.5018 0.69572 0.50075 0.4007
0.040584 0.49873 0.60633 0.69923 0.50088 0.39958
0.33799 0.50142 0.4934 0.70148 0.49732 0.29929
0.15319 0.31357 0.4995 0.69937 0.50312 0.40078
0.030872 0.34939 0.49911 0.70142 0.49883 0.39805
0.82236 0.30135 0.5036 0.69921 0.50224 0.40073
0 0.30028 0.50194 0.70089 0.49845 0.39931
0.82166 0.30027 0.50155 0.68762 0.39815 0.40055
0 0.30145 0.59972 0.44362 0.50202 0.29763
0.8327 0.50175 0.59848 0.69917 0.45357 0.40143
0.95923 0.51507 0.50608 0.69899 0.49766 0.40054
0.085872 0.30128 0.50164 0.36092 0.49603 0.39984
0.1594 0.3974 0.39936 0.69868 0.49789 0.37051
0 0.28121 0.50358 0.6989 0.49997 0.40086
1 0.52027 0.50338 0.67452 0.50269 0.4014
0.13423 0.2992 0.49753 0.69842 0.49848 0.39903
0.18426 0.30028 0.50073 0.73564 0.49908 0.40053
0.012772 0.3187 0.50083 0.71735 0.40013 0.39957
0.98723 0.49429 0.50158 0.3882 0.39714 0.29868
0.42619 0.40367 0.60202 0.51598 0.49627 0.47353
1 0.50159 0.59746 0.69946 0.39936 0.39663
0.024068 0.29964 0.60424 0.69928 0.50316 0.40049
1 0.5033 0.49709 0.6331 0.50011 0.39612
0.83924 0.54757 0.65053 0.69909 0.39561 0.4007
0.085191 0.50079 0.60296 0.70186 0.50213 0.36516
0.0011947 0.49093 0.60068 0.69936 0.49836 0.39853
0.32232 0.40857 0.4992 0.6994 0.50021 0.39765
0.13494 0.30384 0.51324 0.69825 0.50294 0.40065
0 0.6266 0.4972 0.70368 0.51511 0.39919
1 0.2869 0.49707 0.6364 0.54852 0.40071
0.037553 0.49558 0.50088 0.69927 0.49654 0.40073
1 0.30402 0.49929 0.69895 0.5002 0.40072
0.25502 0.39508 0.49707 0.69917 0.49884 0.39793
0.14403 0.49571 0.49816 0.69841 0.50058 0.40112
0.99763 0.29981 0.50072 0.70186 0.49909 0.39903
0.77656 0.5022 0.49789 0.69932 0.49788 0.3985
0.89975 0.50296 0.60611 0.69939 0.49713 0.40134
0.82994 0.50064 0.47754 0.699 0.4998 0.39756
0.19046 0.35784 0.60305 0.69899 0.4998 0.4005
0.81852 0.30089 0.53329 0.69928 0.49805 0.39853
0.98102 0.49765 0.59278 0.69933 0.49841 0.40065
0.36737 0.5008 0.49864 0.699 0.49994 0.40045
0.79486 0.29934 0.60016 0.70149 0.50077 0.3982
1 0.50015 0.37417 0.69898 0.49968 0.40151
0.24721 0.49545 0.49965 0.69935 0.50283 0.32256
0 0.30423 0.60362 0.73351 0.50256 0.36787
0.85984 0.49709 0.49974 0.69891 0.498 0.4146
0.98125 0.49206 0.47038 0.69571 0.50075 0.39336
0.81653 0.41041 0.50181 0.696 0.49794 0.40072
0.085745 0.49442 0.59279 0.67115 0.50964 0.40079
0.24638 0.30239 0.49808 0.73276 0.40205 0.39803
0.046728 0.50162 0.60539 0.69927 0.50099 0.37426
0.99785 0.49842 0.51447 0.69572 0.50257 0.54173
0.012695 0.3013 0.50371 0.69894 0.50229 0.39931
0.26744 0.30035 0.49951 0.70094 0.50181 0.39755
0 0.50197 0.49895 0.69586 0.72036 0.40104
1 0.40238 0.50184 0.69926 0.49943 0.39904
0.091498 0.30134 0.50602 0.6984 0.49797 0.39978
0.81023 0.30136 0.3978 0.6992 0.49838 0.40069
0 0.48684 0.60015 0.69891 0.48537 0.3994
0.29735 0.31315 0.50317 0.69941 0.50041 0.39556
0.81997 0.49255 0.34375 0.6992 0.50032 0.39641
0.19371 0.21047 0.59581 0.69825 0.49797 0.39993
0.99051 0.49827 0.5003 0.74824 0.5002 0.40084
0.19904 0.28803 0.60266 0.69914 0.50076 0.4007
0.24111 0.51063 0.49495 0.69921 0.49946 0.40075
0.20735 0.32787 0.60587 0.69931 0.50086 0.39897
